10
18
22
23
25
26
27
28
30
31
33
34
4
40
7
9

camera1:
3.720190840220664e+03,0,0;
-0.12248184784898,3.715252397555289e+03,0;
1.281961846910185e+03,9.905046367453955e+02,1

五个畸变参数：
-0.5781, 0.6451, -3.6186e-04, -1.0396e-04, -2.5315

camera2:
3.743461997010555e+03,0,0;
4.551937441802115,3.732773095344897e+03,0;
1.298286260418159e+03,1.011617064328398e+03,1

五个畸变参数:
-0.5538, -0.4112, 0.0033, -9.9302e-04, 4.5406

rotation:
0.9996, 0.0057, -0.0282;
-0.0054, 0.9999, 0.0126;
0.0283, -0.0124, 0.9995

translation: 
-72.1701, 1.2193, 2.3877